procs -----------memory---------- ---swap-- -----io---- -system-- ------cpu-----
 r  b   swpd   free   buff  cache   si   so    bi    bo   in   cs us sy id wa st
 0  0 2079372 142304   9868 184976    1    1     1     8    5    3  1  1 99  0  0
 0  0 2079272 142272   9868 185084   96    0    96     0 1872  893  1  0 99  0  0
 0  0 2097056 154248   8428 161048 37300 46064 37300 46064 8292 8707 21 15 36 27  1
 0  0 2083884 139828   8444 161064 16204    0 16224     0 4211 4422  5  6 71 17  1
 1  2 2073528 127468   8464 161160 11936    0 11980     0 3787 3765  5  3 68 23  1
 0  0 2058000 109272   8464 161164 18320    0 18320     0 4377 4928  7  5 57 31  1
 0  0 2050196 116244   7632 154200 14640 5808 14640  5840 3155 3511  7  3 74 14  1
 0  0 2040700 123132   6916 148324 14440 3764 14440  3764 3181 3523  7  4 74 15  1
 0  0 2027516 109748   6916 148232 13980    0 13980     0 2924 3315  7  4 70 19  1
 0  0 2019160 119772   6264 139848 13632 4856 13632  4856 3787 3510  5  9 53 32  0
 0  0 2014880 121256   5724 139056 14584 8940 14584  8940 3528 3704 14  5 61 19  1
 0  0 2001684 106632   5732 139116 14692    0 14692    32 3162 3758  7  3 75 15  1
 0  0 1995420 120672   5600 134548 15104 6816 15104 13124 3958 3851  6  3 75 16  1
 0  0 1982008 106072   5600 134556 14296    0 14296     0 2823 3565  6  4 74 14  0
 0  0 2005352 110308   5556 131228 15044 36788 15272 36808 3937 4132 18  9 48 24  1
 0  2 2010284 124452   5548 129848 11420 13248 11436 13248 2920 3604 11  4 63 22  1
 0  0 1998992 124020   5544 128796 24544 14352 24544 14452 5905 7360 15  7 30 47  1
 0  0 1996160 120700   5544 128752 3256    0  3256     0 1968 2437  6  2 88  4  1
 1  0 1994792 118996   5544 128920 1608    0  1608     0 1491 2320  7  1 88  4  0
 0  0 1992420 115864   5544 128940 2972    0  2972     0 1848 2775 13  4 78  6  1
 0  0 1990968 112796   5628 129276 1516    0  1952     0 2078 2411  9  2 84  4  1
procs -----------memory---------- ---swap-- -----io---- -system-- ------cpu-----
 r  b   swpd   free   buff  cache   si   so    bi    bo   in   cs us sy id wa st
 1  0 1990840 112796   5628 129284  156    0   156     0 1549 1826  6  2 92  1  0
 0  0 1990804 112860   5636 129384   52    0    52    24 1071  923  0  0 98  0  0
 0  0 1990600 111380   5636 130304  204    0  1008     0 1842 3468 13  3 83  1  0
 0  0 1990508 111096   5636 130324  132    0   132     0 1569 2184  5  2 93  1  1
 0  0 1990396 111268   5636 130584  108    0   108     0 1474 2058  5  3 92  0  1
 1  0 1990372 109264   5636 132788   16    0    16     0 1157  916  3  0 96  0  1
 0  0 1990036 108324   5644 133164  356    0   436    28 1732 2823  9  3 87  1  1
 0  0 1989868 108076   5644 133088  220    0   220     0 1236 1247  2  1 97  0  1
 0  0 1989656 107452   5644 133320  296    0   296     0 2577 6165 10  5 83  1  1
 0  0 1988868 107020   5644 133480  436    0   436     0 1728 3832  5  2 93  0  0
 1  0 1988760 106964   5644 133484  132    0   132     0 1867 3759  4  2 93  1  1
 0  0 1988708 106804   5652 133480   60    0    60    24 1005  931  0  0 99  1  1
 0  0 1988108 106140   5652 133624  528    0   528     0 2594 7224  8  6 86  1  0
 0  0 2001600 124660   5616 132080   80 13560    80 13560 1563  960  1  2 96  0  1
 1  0 1988804 124392   5616 132336 2984    0  2984     0 3016 6838 12  5 78  4  1
 0  0 1988592 123820   5616 132216  444    0   444     0 1657 1948  2  2 95  1  1
 0  0 1988300 122720   5624 132444  756    0   756  4524 3156 7533 10  6 80  3  1
 0  0 1988196 119004   5860 134764  244    0  2752     0 4023 6424 16 25 52  4  4
 2  0 1987984 117808   5860 135240  268    0   484     0 2442 4257  9  4 85  1  0
 2  0 2023316 131100   5740 163028  400 35884 38692 36068 3315 5420 49 15 31  5  1
 2  0 2048232 117684   5632 200316  140 24728 44940 24728 2683 1672 47  9 44  0  0
procs -----------memory---------- ---swap-- -----io---- -system-- ------cpu-----
 r  b   swpd   free   buff  cache   si   so    bi    bo   in   cs us sy id wa st
 2  0 2064636 112024   5540 229980   16 16428 41872 16568 3412 6920 52 14 34  0  1
 0  0 2097116 231380   5372 135840  356 32840 38520 32840 3330 4574 44 13 40  2  0
 0  0 2096860 230872   5380 135824  280    0   280    28 2137 4592  6  4 89  1  1
 0  0 2096752 231000   5380 136024  136    0   136     0 1919 4523  5  3 91  0  1
 0  0 2096720 231016   5384 136044   28    0    32     0 2686 4160  6  3 89  0  2
 0  0 2096620 231956   5396 136084  140    0   140    80 2517 1690  2  2 95  1  0
 0  0 2096312 231056   5396 136752  564    0  1032     0 3124 7592 10  6 80  3  1
 0  0 2096128 230996   5396 136672  256    0   256     0 2218 1589  2  1 96  1  1
 0  0 2096096 230356   5396 136840   36    0    36     0 3261 7946 12  5 83  0  1
 1  1 2095956 230204   5400 137052  224    0   224    20 2227 2769  3  2 93  1  1
 2  0 2083984 229676   5404 137228  480    0   480     4 3879 6157 10  3 84  2  2
 1  0 2079344 222608   5404 141456 2396    0  2464     0 2885 4953  8  4 82  5  1
 0  0 2079260 221948   5404 141504  116    0   116     0 2483 4457  6  5 89  0  1
 0  0 2079152 221648   5404 141724  192    0   192     0 2777 4131  6  4 89  1  1
 0  0 2079124 221600   5404 141732   52    0    52     0 2631 3940  6  3 90  0  1
 0  0 2078972 216436   5412 146972  164    0   568 11940 4004 1888 25  5 68  2  1
 0  0 2077148 213228   5412 147012 3264    0  3264     0 3526 7157 15  6 66 12  1
 2  0 2076964 212408   5412 147068  256    0   256     0 1824 1753  2  1 96  1  1
 0  0 2076928 212520   5412 147324   48    0    48     0 3432 7187 10  7 83  1  1
 2  0 2076824 212224   5412 147348  100    0   100     0 2618 4417  5  3 91  0  1
 0  0 2076796 211940   5420 147444   36    0    36  3716 1632 1678  1  1 97  1  1
procs -----------memory---------- ---swap-- -----io---- -system-- ------cpu-----
 r  b   swpd   free   buff  cache   si   so    bi    bo   in   cs us sy id wa st
 3  0 2076628 206560   5420 152708  220    0   220     0 3613 6666 23  6 70  0  1
 1  0 2076540 206348   5420 152744  116    0   116     0 1909 1901  2  1 97  1  0
 0  0 2076420 206144   5420 152928  140    0   140     0 3370 6763 23  5 72  1  1
 0  0 2076376 206116   5420 152868   72    0    72     0 1529 1728  1  1 98  0  1
 0  0 2075120 205020   5428 153084  244    0   244    36 3787 7524 11  8 80  1  1
 0  1 2074804 198988   5428 158124  916    0   916     0 2789 5034 18  4 75  3  1
 1  0 2074420 197904   5428 158532  848    0   848     0 2708 4514  6  4 87  2  1
 1  0 2071792 195312   5428 158640 2936    0  2936     0 3246 4756  7  4 80 10  0
 0  0 2071688 195284   5428 158580  168    0   168     0 2560 4303  5  4 90  1  1
 2  0 2071640 192964   5436 160828   36    0    36  9652 2492 3791 12  4 83  1  1
 1  0 2071424 189300   5436 163980  308    0   308     0 2659 4520  7  7 85  1  1
 0  0 2071276 188160   5436 164580  200    0   504    20 2144 3406  6  4 89  1  1
 1  0 2071176 188128   5436 164632   68    0    68     0 1537 1807  2  2 97  0  0
 0  0 2071148 187908   5436 164592   36    0    36     0 2003 3311 10  2 87  0  1
 2  0 2071008 181804   5444 169876  156    0   156  8720 1695 1992  8  4 87  1  1
 0  0 2070916 181656   5444 170144  116    0   116     0 2233 3386  9  4 87  0  1
 0  0 2070728 181728   5444 170152  212    0   212     0 2619 2726  6  3 91  1  1
 1  0 2070704 181396   5444 170248   40    0    40     0 2501 2689  5  2 92  0  1
 2  0 2070528 181400   5444 170304  236    0   236     0 2085 1851 20  2 77  1  0
 2  0 2064288 170324   5452 175528 6300    0  6300  6708 2585 2857 75  2 10 13  1
 1  2 2057092 162500   5452 175616 7328    0  7328     0 2816 2516 57  2 25 16  1
procs -----------memory---------- ---swap-- -----io---- -system-- ------cpu-----
 r  b   swpd   free   buff  cache   si   so    bi    bo   in   cs us sy id wa st
 2  0 2033500 133592   5452 180528 24040    0 24040  8732 4103 4950 28  5 15 52  1
 2  0 2011216 110904   5452 179560 24480 2504 24480  2504 4543 5007 25  6  9 60  1
 0  1 2078336 124900   5064 164784 1352 67908  1352 67908 3554 1417 71 13  1 14  0
 3  0 2077504 122060   5072 164608 2392    0  2392    68 2343 1441 86  1  5  5  3
 1  0 2077100 129920   5072 169664  476    0   480     0 6482 1356 88  5  7  0  0
 1  0 2076904 129488   5072 169436  280    0   280  6768 2168 1102 55  1 43  1  1
 4  0 2076872 129616   5072 169496   52    0    52     0 2230 1115 67  1 32  1  0
 0  2 2075656 125988   4968 165788 18028 14596 18028 14596 5611 12361 55  8 18 18  0
 1  2 2059036 114784   4984 163956 28552 8304 28576  8344 5223 15870 40  9 14 36  1
 0  2 2057408 109532   4816 158436 33800 31988 33800 31988 8488 5571  6 10  6 77  2
 0  2 2080304 139288   4696 150824 33700 56188 33796 56188 10358 5652  6 15  7 72  1
 0  2 2047388 105900   4696 150796 33824    0 33824     0 5473 6786  9  5  2 82  1
 1  2 2049784 118280   4656 147468 29528 31636 29528 31636 8918 8559 30 15  9 45  1
 0  5 2128400 104148   4248 140140 19628 99888 19628 99888 12490 3798 10 28  7 54  1
 0  2 2161124 140876   3644 134996 1812 36168  5872 36200 2911 4583 10 32  3 52  3
 0  2 2127604 124720   3488 132884 34660  816 34664   816 4043 6078 13  7 12 67  1
 1  2 2095472 121308   3284 130488 35912 2632 35912  2632 4983 6743  5  4  6 84  1
 4  1 2080768 117600   3264 128968 16436 1172 16448  1172 4233 11111 45  7  6 42  1
 4  2 2080120 123628   1956 111488 28520 27588 28520 27588 5615 5609  5  9  9 76  1
 1  2 2081144 130764   1568 107400 35120 33560 35436 33612 7675 6467  5 12  6 76  2
 2  0 2069964 120468   2820 106512 22980 9308 25692  9336 4439 15737 47  9  3 41  1
procs -----------memory---------- ---swap-- -----io---- -system-- ------cpu-----
 r  b   swpd   free   buff  cache   si   so    bi    bo   in   cs us sy id wa st
 2  2 2114032 159108   1856 102616 22900 67612 23636 67616 5188 4678  5 18  0 75  1
 2  1 2077960 127252   1856 102384 33004    0 33004     0 4843 6406  6  5  4 85  1
 0  2 2074220 131364   1268 101204 34096 29752 34140 29772 5490 6275  5  8  7 78  2
 1  2 2076348 117988   1196 107384 27748 23220 30472 28068 4722 5764 58  7  2 33  1
 2  0 2091892 141064    956 105344 12744 26972 12756 26972 3697 3785 56  7  5 30  2
 0  1 2089752 128728    956 105508 12064    0 12464     0 3048 4143  6  3 48 43  1
 0  1 2088724 115480    956 105648 14208    0 14336     0 2959 3912  1  4 49 46  1
 0  2 2109332 123400    916 109916 11888 28524 12480 33676 4033 3357 19  8 31 41  2
 1  1 2083712 119684    820 108588 27988  364 28012   364 3554 4118 49  5  1 45  0
 0  7 2130632 130972    740 109912 15088 59952 17508 60004 4052 3191 43 11  4 40  2
 1  2 2108532 109780    740 108920 23692    0 24684     0 3017 3408 45  5  0 50  1
